statistics for romeo2 by 
########################

k = 3

                    statistical data:


                              A   B   C   D    E   F   G   H    I   J   K   L   M    N    O   P  Q    R    S    T   U   V   W  X   Y  Z
run1    124   4  88  77  250  55  20  69  170  10   8  69  39  117  153  52  0  137   89  162  60  14  46  2  38  0
run2    126  38  83  65  236  34  46  65  142   6  13  47  30  136  175  75  0  180   91  197  68  11  27  0  13  0
run3    125  45  72  72  247  33  57  54  107   9  18  60  41  128  188  46  0  140  128  225  68  17  32  0  38  0
run4    124  33  82  69  252  62  61  80  153   2  18  64  27  122  181  56  0  162   98  199  56  15  41  3  48  0
run5    129  28  82  58  243  56  29  87  156   1  25  57  46  114  180  46  0  160   96  200  53  14  28  0  44  0
run6    137  29  74  69  224  51  50  43  154   0   5  63  47  119  179  61  0  169   97  186  25  18  31  0  57  0
run7    129  31  69  71  239  40  55  60  166   6  15  59  58  140  165  64  0  163  121  199  62   1  38  2  24  0
run8    135  45  64  71  234  54  50  72  154   0  20  50  49  122  172  41  0  153   95  195  57   9  34  3  19  0
run9    129  20  68  90  228  60  49  60  140   0  19  74  50  140  195  51  0  157  108  184  68   4  35  0  32  0
run10   134  28  46  64  240  34  59  67  145   0  18  63  51  140  167  44  0  145   87  204  59   7  28  4  31  0
run11   142  31  89  84  233  49  47  67  145  11   7  48  35  122  152  64  0  133  111  185  47   0  31  1  28  0
run12   125  22  46  72  258  49  58  69  157   9  10  64  21  155  188  52  2  140   97  218  35   3  26  1  44  0
run13   110  34  68  82  246  25  40  64  155   0   0  41  27  128  147  53  0  158  133  200  58  11  21  0  41  0
run14   121  31  77  73  240  38  53  64  159   7  10  55  45  158  174  60  0  159   99  184  62   7  22  2  34  0
run15   131  33  86  68  248  45  39  64  141   0  10  15  13  134  174  49  2  178  112  164  64  15  41  1  48  0
run16   147  36  72  84  216  35  29  65  153  11  20  76  33  124  173  60  1  144   87  194  63   6  16  0  36  0
run17   125  38  60  56  222  52  45  58  151   0  13  61  42  129  179  58  0  186  103  231  64  17  25  0  18  0
run18   130  29  63  59  256  22  46  59  159   6  17  54  39   98  147  57  1  136  104  178  68   6  29  0  43  0
run19   106  39  64  80  228  56  50  66  124   6   5  57  58  140  175  50  0  174   72  191  84  12  36  6  41  0
run20   116  42  53  52  240  44  49  71  144   9  13  73  29  129  171  61  0  148  103  220  54  15  40  0  29  0
run21   116  31  85  66  262  48  44  48  155  17  17  66  39  141  180  56  0  147   81  194  59  11  35  1  45  0
run22   143  28  77  63  252  35  47  62  173   2  11  62  36  108  170  60  0  142  108  220  73   9  36  7  40  0
run23   120  46  60  69  233  47  49  54  151   5   7  61  41  147  167  59  1  161   99  183  61   0  49  5  35  0
run24   137  43  75  57  216  35  44  61  181   9  15  71  30  138  163  51  0  169  107  196  59  15  35  5  39  0
run25   135  27  40  68  241  46  37  58  168   9  11  62  33  123  165  55  0  132  107  186  55   0  30  0  38  0
run26   127  36  53  77  233  51  39  67  168   9  14  58  30  148  183  46  3  159   94  177  66   7  45  0  46  0
run27   115  15  81  82  259  44  49  65  166  12  24  66  40  140  161  62  0  143   99  205  65  18  27  0  47  0
run28   125  32  79  78  246  40  49  67  164   5  15  41  37  111  176  40  1  149   81  208  51  12  49  0  15  0
run29   131  46  73  70  242  42  53  57  169   8   4  53  52  125  165  52  0  146  108  188  31  13  40  0  30  0
run30    90  36  70  85  266  39  51  46  142   0   7  61  51  114  161  53  0  153   88  180  59  13  27  1  37  0
run31   108  29  77  61  230  59  47  67  128  11  14  54  37  105  184  62  0  176   89  203  61   9  37  0  31  0
run32   122  46  80  60  235  37  45  90  138   7  22  58  50  133  167  56  0  174   78  190  69  12  31  6  36  0
run33   120  28  61  60  250  41  55  79  138   7  15  76  49  137  168  55  0  144   85  201  66   0  42  0  39  0
run34   120  31  61  64  251  61  63  71  150  12  15  38  44  110  159  41  0  151  101  220  74  15  21  0  47  0
run35   116  41  74  87  243  52  62  90  161   0  11  48  46  138  179  71  0  181  106  220  31   9  24  0  32  0
run36   146  20  73  81  210  51  42  57  152  15  13  59  52  140  198  48  0  176  101  204  51  17  19  0  41  0
run37   143  31  89  75  240  43  45  73  148   5  10  60  45  143  180  59  0  107   81  193  67  12  28  7   0  0
run38   139  42  83  69  247  40  37  69  175   9   0  53  52  127  179  55  0  164  117  172  70  16  32  0  13  0
run39   150  24  83  73  203  44  58  70  144   1   0  50  28  116  181  41  0  143  109  189  51   2  37  0  36  0
run40   122  42  67  87  247  39  55  64  148  13   7  59  37  113  151  61  1  143   99  212  66  13  36  5  39  0
run41   116  37  75  84  216  52  28  76  158   0  14  59  45  141  174  43  0  158   94  199  57   0   9  3  36  0
run42   141  36  85  73  260  24  39  67  173   0   5  71  45  134  159  60  0  150  115  199  68   0  39  0  31  0
run43   138  37  84  64  221  21  32  64  120   6   3  48  60  120  173  42  0  136   84  208  65  14  27  0  23  0
run44   132  35  84  45  250  42  43  78  160   7  21  65  35  147  204  65  1  158   92  204  48  12  37  0  33  0
run45   129  31  84  74  254  14  48  73  145  13  13  46  52  141  151  55  4  131  112  210  72   0  31  0  47  2
run46   139  37  48  62  203  46  47  78  163  11  16  80  44  137  160  54  0  157  101  195  64  15  21  0  48  0
run47   139  32  78  88  273  51  46  66  137  11   0  60  39  129  174  59  0  158  105  202  62  16  44  0  29  0
run48   145  43  66  74  255  33  62  75  142  13  13  56  51  142  153  60  0  136   95  187  68   8  39  3  39  0
run49   133  37  77  65  242  23  54  65  163   8  15  67  39  123  188  45  0  141  103  196  60   0  36  3  32  0
run50   150  21  68  87  245  36  42  63  144   6  11  55  53  131  173  44  0  145   83  186  54  17  39  0  40  0
run51   152  30  57  28  270  60  50  76  140   8  21  41  34  131  204  55  0  143  102  206  52  19  32  0  46  0
run52   147  21  82  71  254  36  44  80  160   3  14  36  40  131  191  64  0  164  107  239  74  18  35  0  41  0
run53   109  18  72  70  253  45  36  71  165   4   4  71  50  140  174  54  0  168   85  179  55  13  47  0  35  0
run54   101  30  98  69  242  39  39  79  165   7  13  65  47  119  162  56  0  170  122  208  75   7  33  0   8  0
run55   127  41  68  74  237  48  62  54  151   0   1  52  44   94  195  48  0  171   90  208  76  12  30  0  43  0
run56   125  51  73  64  234  38  36  82  153   7  18  70  43   90  187  51  2  147  108  184  61   7  16  0  41  0
run57   125  38  82  80  235  38  46  80  103   6  18  68  37  135  187  38  0  168  108  178  57   4  26  0  25  0
run58   122  34  72  76  258  54  41  68  177   0  11  58  53  133  165  49  0  136  105  233  69   1  33  3  29  0
run59   138  33  83  68  250  53  40  67  134   0  20  21  52  110  180  55  0  162   96  183  56  13  37  2  42  0
run60   119  22  67  68  230  44  52  77  144  12  13  51  36  132  195  52  0  136   60  193  62  24  41  3  29  0
run61   143  28  75  70  244  52  66  65  132   7  19  63  53  125  168  58  0  141   85  214  66   1  40  0  30  0
run62   114  28  82  58  227  35  54  65  154   9  18  62  45  122  199  51  0  150   80  177  50   7  27  0  21  0
run63   145  35  75  72  243  54  46  75  140  10  14  55  47  122  177  46  5  128   92  222  51   0  34  0  50  0
run64   140  51  92  58  242  44  48  59  173   0  11  66  46  118  183  43  0  160  108  154  58   0  25  0  25  1
run65   157  37  96  70  235  45  36  74  150   2  18  69  57  107  128  50  1  139   91  197  77   3  35  0  31  0
run66   141  34  74  72  230  43  40  73  155  13  19  71  30  131  196  19  0  127  101  194  72  14  28  0  39  0
run67   148  25  83  68  222  47  44  56  160  12  21  72  28  122  173  59  0  159  100  194  73  14  36  0  37  0
run68   119  37  59  70  223  22  46  74  151  12  15  68  52  135  188  55  0  137   87  190  48  13  23  0  26  0
run69   121  41  70  80  232  29  49  12  166   9  22  60  31  137  173  62  0  148   87  182  61   6  25  0  42  0
run70   116  24  77  77  244  58  46  52  142  12   4  70  60  121  178  69  0  169   98  209  73   6  19  0  27  1
run71   136  29  75  72  239  47  47  75  162   1   8  51  60  162  171  55  0  161  111  191  36   0  28  2  38  0
run72   119  10  77  70  262  54  37  76  155   6   6  53  46  119  152  72  0  143  103  179  78   7  19  0  40  0
run73   117  33  76  55  239  38  55  44  167   9  19  61  26  106  193  44  0  156   91  190  58  11  36  0  35  1
run74   124  29  64  66  243  13  57  80  163   8   6  55  47  146  201  41  0  167   97  212  67   0  30  4  38  1
run75   141  23  83  68  255  51  46  66  157  13  16  60  40  118  203  60  0  162  105  191  36   8  36  0  39  0
run76   131   0  90  68  221  40  45  62  144   8   0  70  49  140  179  58  0  161   81  170  58  16  23  1  32  0
run77   121  34  87  70  246  37  59  67  156   5  13  78  37  127  169  64  0  190  110  195  57   1  27  0  29  0
run78   108  31  74  66  257  48  31  59  133   5  19  71  39  134  168  58  0  167  111  182  70  18  24  0  41  0
run79   139  31  75  83  227  24  37  60  119  12  16  62  43  102  171  52  0  146   69  203  54   0  33  4  36  0
run80   152  37  71  44  235  37  41  65  135   4  16  49  41  122  177  67  0  132   95  195  46  12  40  0  45  0
run81    85  27  69  65  221  52  44  64  157   9   8  67  47  128  205  45  0  153  100  222  53  17  30  1  27  0
run82   140  37  66  88  236  48  49  76  153   3   0  57  51  134  166  31  0  176  120  170  67  12  21  0  37  0
run83   124  26  64  64  212  51  46  68  155   9  19  48  46  155  175  57  5  159  109  189  74  13  35  0  33  0
run84   109  38  89  60  239  40  45  70  166   7  22  61  49  105  185  43  0  160  133  211  76   0  34  2  37  0
run85   139   8  66  83  233  34  52  66  126   9   0  49  51  136  184  51  0  139   98  197  81  19  28  0  33  0
run86   121  14  69  76  234  45  52  69  145   0   4  66  38  144  151  42  0  137  107  165  68  25  30  0  37  0
run87   134  23  55  57  237  53  51  69  150  14   8  53  48  129  187  40  0  154   85  214  60  11  30  4  21  0
run88    87  34  71  73  248  56  49  81  167   4  15  59  43  115  166  58  0  145   96  200  47   8  33  0  30  0
run89   126  34  75  76  231  64  47  69  148   0   2  51  43  153  180  46  0  138  116  197  61  11  32  0  27  0
run90   109  34  63  67  247  41  52  54  132   7  19  51  17  108  179  48  1  163  107  192  57   0  36  0  35  0
run91   119  28  68  62  227  56  55  48  154   0  21  67  36  118  159  33  4  134  100  197  38   9  32  1  30  0
run92   115  38  66  87  253  47  64  53  133   0   9  65  42  127  142  49  0  155   86  181  75   6  21  0  44  0
run93    99  38  75  62  251  52  51  66  162   0   0  76  39  137  200  49  0  160   92  160  62   4  34  2  35  3
run94   147  23  64  77  218  52  53  67  145  11  18  54  48  132  164  51  0  169   82  188  79  22  31  0  25  0
run95   142  29  53  78  254  34  30  67  143   8  11  66  45  154  166  44  1  133  115  220  64  14  37  0  26  0
run96   123  23  81  70  244  50  53  60  162  13   0  75  44  144  171  57  0  150   97  190  65   8  38  6  41  0
run97   129  27  78  68  251  46  30  55  145  13  17  54  39  119  168  54  0  160   98  196  55   3  41  0  26  0
run98    89  37  76  69  264  51  47  80  151   7  11  66  44  152  178  54  0  155   90  221  69   7  25  5  36  0
run99   130  43  91  79  236  43  40  75  149   4  21  73  47  138  172  61  0  124   97  214  64   0  26  0  33  0
run100  130  30  75  50  226  43  50  55  153   9  10  57  49  134  155  51  0  145   84  203  62  10  20  0  37  1
run101  118  33  61  75  248  52  58  57  153   0  22  72  47  123  172  46  0  146  106  187  69  13  33  4  46  1


                    
                    statistical measures:


                                    A           B           C           D           E           F           G           H           I           J           K           L           M           N           O           P           Q           R           S           T           U           V           W           X           Y           Z
count  101.000000  101.000000  101.000000  101.000000  101.000000  101.000000  101.000000  101.000000  101.000000  101.000000  101.000000  101.000000  101.000000  101.000000  101.000000  101.000000  101.000000  101.000000  101.000000  101.000000  101.000000  101.000000  101.000000  101.000000  101.000000  101.000000
mean   127.168300   31.633700   73.069300   70.049500  240.039600   43.693100   46.910900   66.198000  151.029700    6.485100   12.445500   59.396000   42.554500  128.841600  174.188100   52.722800    0.356400  152.623800   98.574300  196.128700   60.891100    9.445500   31.623800    1.138600   34.514900    0.108900
std     14.706500    9.138600   11.203800   10.395600   14.153400   10.491700    8.740800   10.968200   14.267800    4.579500    6.659500   11.038200    9.175500   14.337900   14.761900    8.989000    0.995800   15.013900   12.913800   16.354000   11.210600    6.385100    7.615600    1.881600    9.412300    0.421900
min     85.000000    0.000000   40.000000   28.000000  203.000000   13.000000   20.000000   12.000000  103.000000    0.000000    0.000000   15.000000   13.000000   90.000000  128.000000   19.000000    0.000000  107.000000   60.000000  154.000000   25.000000    0.000000    9.000000    0.000000    0.000000    0.000000
25%    119.000000   28.000000   66.000000   64.000000  232.000000   38.000000   42.000000   60.000000  144.000000    2.000000    8.000000   53.000000   37.000000  119.000000  166.000000   46.000000    0.000000  142.000000   90.000000  186.000000   55.000000    4.000000   27.000000    0.000000   29.000000    0.000000
50%    127.000000   32.000000   74.000000   70.000000  241.000000   45.000000   47.000000   67.000000  153.000000    7.000000   13.000000   60.000000   44.000000  129.000000  174.000000   54.000000    0.000000  153.000000   99.000000  195.000000   62.000000   11.000000   32.000000    0.000000   36.000000    0.000000
75%    139.000000   37.000000   82.000000   77.000000  250.000000   52.000000   52.000000   73.000000  161.000000    9.000000   18.000000   67.000000   49.000000  140.000000  183.000000   59.000000    0.000000  162.000000  107.000000  206.000000   68.000000   14.000000   36.000000    2.000000   41.000000    0.000000
max    157.000000   51.000000   98.000000   90.000000  273.000000   64.000000   66.000000   90.000000  181.000000   17.000000   25.000000   80.000000   60.000000  162.000000  205.000000   75.000000    5.000000  190.000000  133.000000  239.000000   84.000000   25.000000   49.000000    7.000000   57.000000    3.000000
mae     14.160000    6.880000   14.230000    8.960000   12.760000   10.170000   11.920000   11.830000   10.930000         NaN    9.750000   13.390000    7.690000   12.640000   11.570000    9.230000         NaN   13.230000   11.780000   14.780000   10.490000    5.810000    6.170000    3.210000   12.080000    0.960000
mre      0.120000    0.208485    0.233279    0.119467    0.051452    0.195577    0.205517    0.207544    0.071438         NaN    0.443182    0.185972    0.163617    0.102764    0.067267    0.200652         NaN    0.090616    0.111132    0.079037    0.152029    0.446923    0.186970    0.802500    0.262609    0.960000
mad     11.539653    6.812861    8.737771    7.677679   11.207529    8.261151    6.649740    7.815900   10.899520    3.847858    5.527889    8.289383    7.235565   11.476326   11.310068    7.003823    0.592883   12.387413   10.014116   12.612881    8.459563    5.402608    6.078032    1.487501    7.210666    0.200569


                    
                    average accuracy rating:


                    0.0 %



                    k = 5

                    statistical data:


                              A   B    C   D    E   F   G   H    I   J   K   L   M    N    O   P  Q    R    S    T   U   V   W  X   Y  Z
run1    119  37   80  74  253  40  38  60  131   0   9  47  43  122  188  44  0  144  103  197  53   8  21  6  54  0
run2    131  17   88  70  268  50  39  64  158   1   9  61  35  131  167  18  0  133   93  221  59  18  47  0  42  0
run3    129  29   79  71  277  54  41  56  149   5  31  69  42  143  178  54  0  159   93  200  67  12  42  1  42  0
run4    131  20   68  86  237  39  45  74  133  13   3  39  35  128  177  44  0  136   87  188  66  10  20  0  28  1
run5    145  17   74  66  266  42  42  88  149  11   0  51  50  140  180  55  0  162  111  185  60   7  29  5  34  0
run6    146  28   91  75  256  39  50  69  149  12   7  73  45  122  154  61  0  164   88  208  61   9  35  0   0  0
run7    126  31   86  72  226  50  47  57  155   6  13  68  53  144  191  51  0  137  106  189  66   0  26  0  30  0
run8    132  41   85  82  244  41  48  55  122   6  15  57  51  130  182  49  0  145  110  199  71  10  47  0  25  0
run9    134  29   37  68  246  55  32  69  134   3  23  62  57  131  190  66  0  154   79  199  69   9   0  0  31  0
run10   127  47   83  48  240  55  59  63  131   8   8  70  48  122  182  59  0  140  107  172  48  10  24  0  37  0
run11   124  30   71  68  232  41  39  60  174   2   9  54  57  147  178  45  0  132  113  203  59  24  38  1  37  0
run12   127  38   83  91  265  52  47  81  160   0  15  55  53  142  159  46  0  155   97  199  67   9  37  0  25  0
run13   107  15   80  50  270  44  53  58  152  12  13  73  44  130  164  36  0  140   88  173  72  20  36  0  46  0
run14   114  41   85  64  249  45  42  68  155  15  12  74  45  151  228  50  0  131  112  175  53   4  35  0  34  0
run15   105  15   82  52  234  45  53  76  145   8  16  59  44  158  187  58  0  134   89  177  66   6  23  0  25  0
run16   126  31   70  67  235  28  49  72  154  10  12  56  38  149  202  54  0  145   92  209  54  17  26  4  42  0
run17   116  28   55  48  267  31  48  83  137   6   7  55  53  148  165  56  0  181   61  189  83   6   0  0  29  0
run18   113  39   68  77  220  46  48  79  141   7   0  61  52  150  150  58  0  163  103  162  53  13  37  0  48  0
run19   139  33   81  72  204  42  41  56  135   7   3  79  42  145  204  57  0  137  117  199  78   5  21  3  34  0
run20   136  34   70  74  248  61  36  57  151   5  16  67  28  163  169  40  0  131  114  211  63  14  39  4  40  0
run21   136  32   80  61  205  48  41  44  153  14  21  47  36  132  165  43  0  166  103  204  63   6  28  0  40  0
run22   132  37   86  83  237  49  50  60  180   6  20  60  47  124  160  57  0  127   78  206  54  12  17  3  22  0
run23   137  32   81  61  239  34  22  58  162   0  11  60  46  131  172  49  0  151  103  196  71  15  18  3  21  0
run24   130  46   47  78  222  35  47  67  128   0  18  24  30  119  183  44  0  168   89  192  69   0  35  0  42  0
run25   116  36   65  42  246  41  26  62  147  10   0  59  61  139  146  48  0  160  110  204  51  16  35  0  37  0
run26   126  32   84  82  257  31  39  70  135   2   0  52  40  150  178  54  0  143   56  188  44  12  39  0  21  0
run27   122  39   90  73  239  45  62  71  170  11  16  65  48  118  132  56  0  135  100  201  66  10  31  0  40  0
run28   128  40   64  73  236  42  54  47  136   7  11  60  55  123  167  10  0  158   91  204  66  17  35  0  45  0
run29   116  25   70  73  229  49  26  66  157   4  20  75  52  127  171  51  1  152  106  179  69   8  31  0  36  0
run30   124  18   62  70  265  50  49  72  145   3  16  56  34  146  166  51  0  141  110  191  46  13  21  0  40  0
run31   125  13   69  69  226  47  40  77  106   6  13  74  39  113  175  47  0  136   98  196  60  10  22  0  31  0
run32   131  33   77  77  238  50  56  87  141  12  26  57  37  141  186  51  2  138   82  173  57  16  22  0  30  0
run33   132  25   75  68  237  39  38  65  137  17  13  58  49  118  159  45  0  121  108  187  63  13  15  4  35  0
run34   124  31   89  79  257  41  45  74  174   6  15  63  30  117  162  69  0  157   92  206  68  12  12  5  43  0
run35   124  35   79  64  249  57  53  70  157   0   2  47  52  133  157  57  0  152   55  187  47  14  17  0  48  0
run36   102  35   86  70  264  61  42  72  165   6   7  52  48  115  187  58  0  151   95  197  63   9  13  0  31  0
run37   117  48   80  80  227  46  49  74  151   0  14  52  40  124  182  40  0  151   93  203  62  16   8  0  39  0
run38   135  33   77  69  224  39  62  67  140   5  21  52  39  135  173  49  0  142  101  177  60   4   5  0  31  0
run39   143  16   59  63  267  37  48  78  132   0  10  59  33  111  164  31  0  141  113  218  65   2  28  1  22  1
run40   136  38   77  88  243  43  45  55  138   8  10  64  47  149  151  52  0  148   73  208  29  10   6  3  25  0
run41    85  40   68  73  230  55  48  67  150   0  13  74  56  141  156  38  0  153   79  174  53   9  42  0  39  0
run42   126  28   63  77  239  48  42  52  166   3  22  65  44  134  197  49  1  170  101  193  81   5  26  2  41  0
run43   118  31   70  49  231  52  42  90  150   0  23  72  54  138  166  56  0  179   88  215  29  12  41  0  38  0
run44   109  29   68  70  258  41  47  71  122  18  12  59  45  131  174  52  0  145  108  201  64  13   4  0  33  0
run45    98  37   83  68  230  34  45  47  154   8  12  53  49  143  180  45  0  156   98  194  72  14  11  0  51  0
run46   131  47   77  79  222  49  40  76  152   3  16  44  27  151  169  36  0  141  103  198  59   8  49  1  44  0
run47   121  37   74  77  225  36  52  59  141   8  14  48  53  103  163  60  2  144   96  179  66  19  39  5  46  0
run48   145  28   79  72  237  36  50  67  177   7   7  57  53  166  173  51  0  155  100  205  65   2  38  2  39  0
run49   137  36   67  95  233  38  58  42  141  11  25  57  32  129  184  56  0  142   92  162  61  19  10  3  40  1
run50   132  12   68  84  223  47  40  70  167   9  11  71  40  149  172  42  0  163  116  213  72  12  25  0  47  0
run51   147  28   80  76  261  46  43  69  148   8  10  57  29  127  163  44  0  171   87  184  77  18  38  5  35  1
run52   117  27   52  75  244  38  50  76  156   6  15  62  34  130  160  44  0  141   88  200  23  14  32  0  30  1
run53   128  46   84  64  239  42  49  51  146  13  10  66  50  139  176  59  0  142  101  188  53  12  32  2   0  0
run54   127  33   74  76  222  51  51  72  135   1  19  57  46  129  188  44  0  139  119  202  56  14  28  2  48  0
run55   117  34   71  75  260  48  43  67  145   5  13  66  58  107  193  35  0  135  108  201  59   0  45  0  39  0
run56   113  30   82  75  230  66  54  57  173   0  13  69  61  150  163  53  3  158   84  182  43   7  27  3  29  0
run57   146  25   74  42  258  23  47  66  158   2  13  58  38  137  193  50  0  163  104  197  66  18  44  4  33  0
run58   119  34   82  71  222  57  32  78  159  11  19  62  47  122  202  52  0  174   93  204  43   9  37  0  27  0
run59   139  35   99  69  249  37  48  61  120   0  19  66  57  126  175  59  0  140   92  179  56  16  31  0  44  0
run60   142  31   56  70  256  40  41  63  152   0   9  52  40  146  183  23  0  146   79  177  64   0  29  0  37  0
run61   136  37   44  71  246  44  45  72  154   6   3  56  47  140  166  46  1  167  124  186  67  15  38  0  36  0
run62   114  40   81  70  238  33  61  77  142   9   1  48  30  137  155  51  0  152  108  196  63   8  28  5  53  0
run63   125  31   46  71  250  46  37  88  167   0  17  59  50   75  182  57  0  158   76  194  75   3  29  3  18  1
run64   129  36   87  69  253  39  48  59  136  10   0  70  50  116  183  58  0  167   74  212  69   5  23  0  36  0
run65   144  27   71  62  221  25  43  45  159   8  20  60  50  129  149  52  0  148  114  213  60   5  41  3  39  0
run66   149  24   53  90  231  41  46  75  146   5  10  54  50  123  177  56  0  129  119  196  37  12  27  0  36  0
run67   120  44   84  76  244  36  47  58  156   7  16  52  37  127  149  44  0  161  109  211  65  13  43  0  33  0
run68   131  38   69  53  252  49  50  80  167   4   0  61  59  117  167  52  0  128   62  200  68   9  11  0  27  0
run69   127  42   70  71  246  54  50  77  145   6  13  50  48  133  189  37  0  155   96  189  63  11  38  1  18  0
run70   137  28   78  77  238  45  66  72  159   3  20  65  25  140  160  57  0  149   97  205  74  18  23  1  35  0
run71   151  38   79  93  257  59  32  67  147   8  19  45  43  138  144  72  2  164  104  157  56  19  41  7  33  0
run72   127  35   83  77  256  61  47  70  166   8   0  72  35  130  173  39  0  165  100  191  53  17  32  0  27  0
run73   138  42   70  77  214  42  54  57  161   7  15  51  43  144  192  57  0  148   95  179  44  11  22  0  39  0
run74   110  27   66  80  236  49  46  73  154  17  10  44  50  124  173  57  0  159  100  174  49  13  46  3  37  0
run75   119  26   89  58  230  50  33  63  155   0  18  69  25  141  172  53  0  151  103  166  74  18  44  0  33  1
run76   127  40   60  79  247  49  55  68  154   0   9  67  23  117  183  71  0  151  104  215  69   9  35  6  30  0
run77   108  43   75  78  214  47  48  55  127  13  11  66  46  153  171  59  0  161   93  194  61   0  39  2  52  0
run78   149  37   88  29  265  48  38  74  162   0  16  33  27  149  131  47  1  158   92  202  83  11  24  0  35  0
run79   119  42   78  90  204  53  47  60  151   6  19  28  44  123  193  61  2  131   93  195  57   9  25  1  32  1
run80   148  43   65  61  266  38  30  79  143  13  21  68  37  139  160  71  0  104   83  213  66   6  29  4  32  0
run81   129  34   73  74  243  45  59  58  147   0  25  71  34  130  192  63  0  149  116  160  59  17  42  0  45  0
run82   118  28   82  67  220  44  32  62  137  12  22  75  51  129  188  52  0  150   95  189  50   1  37  0  15  0
run83   132  23   79  71  240  33  50  67  140   9  23  41  52  115  171  53  0  139  106  175  70  13  33  0  23  0
run84   114  37   97  61  260  34  44  69  136  10  12  67  47  149  182  63  0  134   98  184  58  10  32  4  28  0
run85   120  42   91  76  202  43  45  65  125   8  11  55  24  138  182  50  0  137  102  216  65   4  34  3  32  0
run86   123  39   68  61  267  36  40  79  137   6   8  45  51  125  156  60  0  177  112  204  40  21  28  1  39  0
run87   129  40   77  65  255  37  38  79  139   0   0  64  10  138  182  51  0  140   92  217  75   6  27  2  41  0
run88   128  23   80  68  233  40  47  66  148   9  11  51  46  135  190  48  0  146   96  210  66  14  25  0  27  0
run89   137  34   82  75  254  56  50  62  149  14   8  53  45  137  178  58  0  154   83  210  77   6  38  0  35  0
run90   137  31  103  56  253  44  44  65  150   1  12  69  66  128  179  49  1  154   91  193  47  16  36  3  23  0
run91   140  29   80  63  244  47  57  63  157   0   9  59  28  154  189  55  0  158   98  222  56   6  33  0  38  0
run92   127  37   75  74  216  43  54  73  153   2  18  76  39  139  167  49  0  148   88  188  48   0  37  0  37  0
run93   150  24   68  40  231  46  64  79  163  11  17  54  26  102  172  35  0  153   98  192  56  12  20  0  35  1
run94   125  40   85  67  245  37  29  47  125   1  10  59  46  111  163  54  0  144   97  179  59  11  31  0  39  0
run95   114  46   74  61  224  51  55  52  176   3  17  40  44  133  173  64  0  162  106  198  59   8  37  3  19  1
run96   120  15   92  55  222  53  43  45  159  14  17  73  19  124  192  49  3  170   94  184  61   8  34  6  40  0
run97   117  39   74  66  247  42  67  66  133  15   1  72  57  148  173  50  0  142  108  207  62   0  37  4  18  0
run98   141  32   76  70  223  43  52  81  147   0  17  67  48  118  189  70  0  145  109  177  56  11  39  0  41  0
run99   110  39   71  41  258  42  40  76  166   9   6  54  58  132  160  48  0  150  108  222  62   3  29  2  37  1
run100  128  27   70  66  236  56  46  54  158   5   5  56  48  129  170  51  0  143  110  190  65  18  36  2  28  0
run101   98  42   85  83  225  16  57  60  142   7  20  58  30  137  182  56  0  142   81  205  71  19  30  0  26  0


                    
                    statistical measures:


                                    A           B           C           D           E           F           G           H           I           J           K           L           M           N           O           P           Q          R           S           T           U           V           W           X           Y           Z
count  101.000000  101.000000  101.000000  101.000000  101.000000  101.000000  101.000000  101.000000  101.000000  101.000000  101.000000  101.000000  101.000000  101.000000  101.000000  101.000000  101.000000  101.00000  101.000000  101.000000  101.000000  101.000000  101.000000  101.000000  101.000000  101.000000
mean   126.782200   32.802000   75.267300   69.574300  240.782200   44.198000   46.029700   66.524800  148.703000    6.267300   12.742600   58.990100   43.356400  132.722800  173.861400   50.851500    0.188100  149.11880   96.920800  194.356400   60.574300   10.524800   29.524800    1.366300   34.148500    0.108900
std     12.544800    8.226800   11.564500   11.805400   16.677900    8.500600    8.637700   10.453300   13.895700    4.801900    6.837600   10.509500   10.469600   14.112500   15.461600   10.178800    0.595200   13.28930   13.456400   14.632600   11.072800    5.568800   10.883600    1.880000    9.627400    0.313100
min     85.000000   12.000000   37.000000   29.000000  202.000000   16.000000   22.000000   42.000000  106.000000    0.000000    0.000000   24.000000   10.000000   75.000000  131.000000   10.000000    0.000000  104.00000   55.000000  157.000000   23.000000    0.000000    0.000000    0.000000    0.000000    0.000000
25%    119.000000   28.000000   69.000000   64.000000  230.000000   39.000000   41.000000   59.000000  139.000000    2.000000    9.000000   53.000000   37.000000  124.000000  164.000000   46.000000    0.000000  140.00000   91.000000  185.000000   56.000000    6.000000   23.000000    0.000000   29.000000    0.000000
50%    127.000000   34.000000   77.000000   71.000000  239.000000   44.000000   47.000000   67.000000  149.000000    6.000000   13.000000   59.000000   45.000000  132.000000  173.000000   51.000000    0.000000  149.00000   98.000000  196.000000   62.000000   11.000000   31.000000    0.000000   35.000000    0.000000
75%    136.000000   39.000000   83.000000   77.000000  254.000000   49.000000   50.000000   74.000000  158.000000    9.000000   17.000000   67.000000   50.000000  142.000000  183.000000   57.000000    0.000000  158.00000  107.000000  204.000000   67.000000   14.000000   37.000000    3.000000   40.000000    0.000000
max    151.000000   48.000000  103.000000   95.000000  277.000000   66.000000   67.000000   90.000000  180.000000   18.000000   31.000000   79.000000   66.000000  166.000000  228.000000   72.000000    3.000000  181.00000  124.000000  222.000000   83.000000   24.000000   49.000000    7.000000   54.000000    1.000000
mae     29.330000    9.930000   11.570000   14.620000   18.960000   28.480000   11.980000   10.170000   12.630000    4.020000    8.190000    8.280000   14.870000   11.480000   13.620000    8.240000         NaN   11.83000   18.460000   14.210000   11.930000    8.720000    8.680000         NaN   10.670000         NaN
mre      0.299286    0.236429    0.136118    0.176145    0.084267    1.780000    0.210175    0.169500    0.088944    0.574286    0.409500    0.142759    0.495667    0.083796    0.074835    0.147143         NaN    0.08331    0.227901    0.069317    0.168028    0.458947    0.289333         NaN    0.410385         NaN
mad      9.682776    6.552299    8.842859    8.576610   13.731791    6.580139    6.562886    8.389374   10.990883    3.929419    5.418684    8.129399    8.415253   10.947750   12.035487    7.279482    0.335261   10.61739   10.343692   11.836683    8.333497    4.519557    8.626997    1.600235    7.283796    0.194099


                    
                    average accuracy rating:


                    100.0 %



                    k = 10

                    statistical data:


                              A   B    C   D    E   F   G   H    I   J   K   L   M    N    O   P  Q    R    S    T   U   V   W  X   Y  Z
run1    137  45   77  77  240  49  51  83  155   8   6  62  51  141  186  50  0  149  106  198  58   7  17  0  30  0
run2    139  33   69  82  233  28  48  79  177   8   5  79  43  119  170  49  0  177  105  188  67  11  40  0  31  0
run3    138  39   69  68  228  48  59  77  166   2  10  66  40  103  171  51  0  140   96  199  47  13  14  0  24  0
run4    140  38   65  71  230  30  43  73  129  11   6  57  51  129  178  60  0  124   72  190  68   9  30  0  42  0
run5    130  44   78  59  232  49  46  72  168   1  19  53  33  137  193  37  1  166  124  193  73  10  30  0  34  0
run6    124  26   82  75  228  42  52  76  145   4   3  57  50  124  175  60  0  160  105  185  49   1  30  3  50  0
run7    121  31   99  78  260  45  55  61  164   9  12  64  40  123  177  44  1  140  114  181  77  20  36  1  30  0
run8    128  30   63  45  236  51  37  70  159   0  17  61  22  112  176  48  2  147   93  193  53   0  42  0  43  0
run9    137  13   70  62  242  41  38  58  143   3   3  67  29  153  153  63  0  145  100  220  75  18  28  3  21  0
run10   125  41   73  72  250  50  53  59  155   4  17  65  37  137  178  63  0  154   99  193  70   8  40  5  34  0
run11   131  31   66  68  201  50  52  65  146   0  17  60  52  106  169  65  0  150  113  196  63  12  39  4  30  0
run12   129  41   79  85  262  41  51  63  134   4   8  62  36  155  170  59  3  162  114  205  38  17  40  0  35  0
run13   120  43   51  83  251  37  47  88  142  11  15  59  48  115  171  59  1  117   83  214  57   0  27  0  27  0
run14   113  33   82  78  244  61  51  64  149   3  11  63  41  115  175  40  0  163  118  197  53   1  32  0  37  0
run15   130  37   63  95  226  53  49  64  143   5  14  66  43  126  198  50  0  160   84  201  62   0  34  3  33  0
run16   119  33   75  59  248  38  46  65  142   0  21  54  41  130  164  55  0  144   80  176  59  20  35  0  41  0
run17   111  25   60  79  240  53  44  76  115   0  19  66  39  132  178  52  0  158  100  204  46   8  32  0  34  0
run18   125  44   93  61  231  40  43  79  143   3   4  60  55  118  187  57  0  139  112  200  68  15  34  0  29  0
run19   137  26   67  40  230  46  58  86  159   9  16  61  42  132  184  51  1  163   92  180  35   9  37  2  32  0
run20   134  10   68  97  197  49  41  88  152   5  12  61  33  126  162  60  0  164  103  189  67   9  23  0  33  0
run21   138  31   74  92  229  40  60  79  160   6  20  65  41  121  175  52  0  134   95  183  51  11  36  0  36  0
run22   155  33   71  65  216  42  43  74  158  10  15  60  51  147  188  52  0  159  129  181  67  17  27  0  30  1
run23   142  31   91  55  241  59  53  65  150   0   1  63  43  127  184  42  0  152  106  181  42  19  26  0  44  1
run24   143  32   66  58  233  48  54  74  155   9  15  67  48  164  176  48  0  176  108  210  67  12   0  0  37  0
run25   119  37   66  53  220  55  49  69  152   4  14  62  50  130  147  43  3  142  105  178  72   7  33  2  43  0
run26   126  40   75  68  229  51  55  32  124   7  15  62  46  135  149  51  1  134   95  177  66   1  18  1  39  0
run27   143  24   67  65  220  47  50  65  156   0  19  74  43  129  181  52  0  162  106  190  58  16  32  6  42  0
run28   148  32   51  68  243  20  58  66  134   6  19  71  45  136  181  50  1  169  122  158  53   1  29  4  41  0
run29   140  38   76  74  229  49  46  69  150   0  12  57  43  139  162  52  0  155   99  207  76  16  34  4  30  0
run30   104  36   72  72  221  45  43  80  158   6  16  79  54  132  180  51  0  163   88  181  73   2  33  0  38  0
run31   134  37   66  54  227  39  42  67  176   1  10  57  51  123  174  24  0  167  104  203  49   0   3  0  54  0
run32   144  25   72  56  236  53  54  72  160  13  23  57  33  142  163  63  0  137   89  196  56   0  48  3  44  0
run33   133  30   84  64  247  39  22  80  157   9  15  69  14  141  189  64  0  172  119  215  70   7  36  0  29  0
run34   109  48   83  74  226  47  50  83  131   7  17  55  54  106  153  52  0  157  101  187  74  16  33  0  23  0
run35   146  25   89  67  266  33  40  53  154   0  20  68  54  133  183  56  0  190   95  203  75  23  41  5  39  0
run36    81  27   73  54  253  28  52  75  138  11  14  38  53  120  169  44  2  167   91  200  64   0  41  0  33  0
run37   133  26   72  69  221  60  50  73  145   0  11  54  38  125  177  58  0  132   85  174  46  13   9  0  25  0
run38   120  35   79  94  221  51  56  70  139   6  23  60  36  140  131  53  0  162   91  191  52  16  45  0  42  0
run39   118  40   66  53  250  29  46  46  148  10   3  67  36  111  186  64  0  162   92  188  75  17  31  0  55  0
run40   148  29   94  83  251  40  54  64  155   8  19  59  44  113  188  63  0  136   98  209  66   9  45  0  34  0
run41   137  43   60  75  248  39  41  66  170  11  16  70  53   88  183  43  0  153  102  214  76  16  26  0  36  0
run42   132  31   57  74  250  48  50  63  159   0  23  58  44  118  155  47  1  165   79  200  67   0  36  0  46  0
run43   142  30   70  77  245  52  41  58  142   7  15  58  46  115  182  26  0  147   98  208  53  19  19  1  28  0
run44   114  16   49  68  214  42  45  69  176  10  17  72  50  131  164  47  0  143  109  232  68   7  32  4  38  0
run45   134  34   78  62  234  48  68  69  183   3  25  68  50  141  169  44  0  145  108  197  59  14  43  0  45  0
run46   126  38   49  61  253  39  48  66  164  10  17  62  62  130  152  53  1  149   99  203  66  12  16  5  19  0
run47   116  54   79  55  213  45  51  73  161   7  11  65  31  125  162  55  0  142   75  205  58   7  35  0  34  0
run48   131  41   72  84  263  40  50  50  152   6  13  56  28  140  187  62  2  160   74  165  62   5  19  0  38  0
run49   136   0  101  72  270  39  48  70  115   6  12  30  35  135  155  66  0  168  106  194  69  13  17  3  28  0
run50   121  26   71  72  242  49  58  60  150   3  13  73  46  146  172  44  0  177  111  191  69   0  27  1  46  0
run51   128  33   75  38  209  57  48  74  148   0  18  42  53  139  153  37  0  158  104  232  76   5  35  0  26  0
run52   126  37   76  73  249  46  51  57  146  14   3  57  41  140  167  63  2  164  108  194  71   3  10  0  44  1
run53   130  37   89  74  224  48  40  70  121   6  18  64  47  124  191  29  0  116  100  187  61  12  31  1  22  0
run54   118  39   87  75  252  41  43  76  149   8  13  72  49  121  182  57  0  154   72  214  45   8  27  0  20  0
run55    88  28   91  83  222  44  47  60  137  12  25  68  45  141  196  54  0  153  103  197  49  13  21  0  41  0
run56   108  40   75  60  228  46  56  56  154   0  16  66  21  118  158  43  0  146  109  131  62  18  21  5  34  0
run57   121  37   79  77  248  45  43  59  115   4   7  67  36  124  182  43  3  173  114  191  50   7  26  2  32  0
run58   132  44   89  59  268  46  52  64  157   7  14  58  44  143  176  59  0  153   92  186  69   8   7  0  43  0
run59   124  27   40  67  259  45  63  68  140   0   2  71  44  125  163  61  0  142   95  190  63   1  39  0  36  0
run60   135  31   91  67  254  33  38  68  142   6  13  73  50  124  177  71  1  152  112  180  52   0  27  0  22  0
run61   122  36   78  68  268  48  51  76  157   0  12  56  25   98  176  35  0  164  108  185  59   0  22  2  43  0
run62   137  38   78  81  262  45  43  53  139   0  10  69  39  125  178  49  1  144   90  199  61   6  32  0  30  0
run63   108  23   79  73  232  43  50  76  145   7  15  54  48  128  159  55  1  142  112  206  71  12  34  6  30  0
run64   110  34   82  64  244  33  20  87  138   4  13  64  27  123  179  61  0  152   76  200  60  15  33  4  32  0
run65   127  35   79  69  263  40  67  63  164   8   6  51  41  134  169  59  1  166  105  223  38   5  23  0  48  1
run66   124  36   71  70  244  44  43  66  159  12  10  34  29  121  178  61  0  173   87  200  30  11  49  3  38  0
run67   120  24   83  78  225  51  47  53  133  11  19  69  37  156  184  57  0  135   88  194  55   8  34  0  28  0
run68   131  50   79  85  249  62  50  70  139   0  19  64  38  126  124  28  0  152   77  197  53  13  27  1  35  0
run69   120  33   79  64  248  38  43  80  178  12  13  52  42  135  177  62  0  169   97  186  62   0  35  0  38  0
run70   125  46   69  65  241  52  23  77  177   9  15  47  39  140  162  65  3  167  105  203  53  18   6  0  46  0
run71   139  21   68  54  251  39  47  58  174  13  13  72  52  139  189  36  2  135   93  158  55  16  44  0  38  0
run72   136  40   81  79  241  35  62  47  153   1   9  63  42  137  200  52  0  130   98  174  55  24  35  4  38  0
run73   136  15   86  75  264  53  48  51  149   7   9  63  54  119  166  51  0  132  114  167  63  18  28  0  25  0
run74   128  48   63  84  237  54  40  76  135   0  15  37  45  102  186  61  0  149  114  214  65   7  37  0  44  0
run75   124  44   53  77  249  49  57  64  182   2  13  62  29  133  162  60  0  139  108  209  78  13  33  0  29  0
run76   101  27  101  70  249  51  41  72  124   0  15  76  43  146  180  58  0  161   96  220  46   9  30  0  32  0
run77   140  33   75  71  245  22  44  58  179   0   0  46  40  132  187  57  0  132  108  204  94   0  35  5  39  0
run78   121  33   73  82  240  35  47  79  127   0  16  69  44  128  177  57  0  157   90  202  70   0  55  0  23  0
run79   134  40   87  59  241  39  33  67  142   9  20  58  36  149  168  47  0  158  108  222  56  16  44  0  27  0
run80   118  23   91  74  242  46  50  73  156   9  12  72  31  111  159  47  0  164   80  215  68   9  29  5  39  0
run81   131  37   50  73  226  45  60  74  149   9   9  71  30  129  163  60  0  151   98  187  49  16  37  2   0  0
run82   115  49   76  53  253  48  44  87  137   1   8  62  58  128  161  47  3  157  118  206  64  20  26  4  27  0
run83   142  19   65  87  235  49  34  83  185   0   2  57  45  115  187  54  0  178   93  213  55  12   0  0  15  0
run84   110  32   77  78  251  44  46  30  164   1  15  45  49  146  191  59  0  149  110  188  67  12  27  0  42  0
run85   139  47   85  61  227  48  51  68  146   0  15  55  50  125  177  35  0  140   68  209  80   9  15  0  33  0
run86   172  15   76  80  237  38  39  67  146   1   2  71  43  126  189  56  0  109  113  184  71  18  29  2  40  0
run87   120  25   78  74  218  55  52  70  158   6  14  42  44  147  164  46  0  154   80  196  64  16  34  0  34  0
run88   127  22   76  82  252  55  34  67  139   0  17  53  43  128  198  52  1  169  109  207  65  16  29  0  45  0
run89   115  35   81  74  261  50  49  57  144  17  14  62  59  139  152  47  0  146   94  158  54   8  40  1  22  0
run90   135  13   83  84  270  35  44  66  148   4   8  67  33  120  182  42  0  137   99  178  63  17  31  0  44  0
run91   127  32   92  77  222  51  59  68  175   0  19  50  32  148  163  49  2  132   95  188  64  17  36  0  35  0
run92   128  31   79  50  257  44  58  68  159   4  12  69  32  108  171  58  0  154  100  195  29   0  41  0  22  0
run93   115  42   66  85  209  53  47  80  137   9   0  53  37  110  165  56  0  163  113  169  58  10  39  0  49  0
run94   134  27   77  61  240  51  48  52  161   6   8  71  37  131  169  50  3  167  105  205  76   5  27  3  41  0
run95   125  31   81  82  238  44  27  65  167   9   8  55  37  119  193  66  0  166   90  189  53  19  36  0  37  0
run96   117  30   66  58  231  37  48  76  176   0   7  54  59  140  167  61  0  169   76  190  79   0  13  0  36  0
run97   131  35   83  65  236  43  51  47  115   6  27  63  27  131  159  43  0  158   72  213  52  15  32  0  27  0
run98   130  19   56  45  227  32  57  65  149   4   8  65  53  100  151  48  3  152  100  157  47   9  29  1  25  0
run99   108  41   79  79  250  22  58  62  145   3   0  60  42  117  162  60  0  127  108  181  81  11  21  0  37  1
run100  115  13   62  76  226  51  20  65  131   6  15  68  26  100  183  39  1  163  101  200  52   0  26  0  47  0
run101  154  47   85  70  247  28  56  67  139  10  14  37  50  112  157  42  1  161  106  206  43   9  31  0  32  0


                    
                    statistical measures:


                                    A           B           C           D           E           F           G           H           I           J           K           L           M           N           O           P           Q           R           S           T           U           V           W           X           Y           Z
count  101.000000  101.000000  101.000000  101.000000  101.000000  101.000000  101.000000  101.000000  101.000000  101.000000  101.000000  101.000000  101.000000  101.000000  101.000000  101.000000  101.000000  101.000000  101.000000  101.000000  101.000000  101.000000  101.000000  101.000000  101.000000  101.000000
mean   127.544600   32.732700   74.673300   70.108900  239.415800   44.257400   47.623800   67.604000  150.366300    5.178200   12.901000   60.841600   42.029700  127.881200  172.683200   51.871300    0.475200  152.802000   99.039600  194.277200   60.792100    9.881200   29.881200    1.099000   34.633700    0.049500
std     13.362300    9.597800   11.725300   11.724200   15.605300    8.417400    8.984300   10.769500   15.841500    4.264700    5.982500    9.537000    9.189600   13.822700   13.967100    9.454800    0.889900   14.798000   12.832700   16.678800   11.702400    6.586800   10.433900    1.752200    8.806500    0.218000
min     81.000000    0.000000   40.000000   38.000000  197.000000   20.000000   20.000000   30.000000  115.000000    0.000000    0.000000   30.000000   14.000000   88.000000  124.000000   24.000000    0.000000  109.000000   68.000000  131.000000   29.000000    0.000000    0.000000    0.000000    0.000000    0.000000
25%    120.000000   27.000000   67.000000   62.000000  228.000000   39.000000   43.000000   63.000000  140.000000    1.000000    9.000000   57.000000   36.000000  119.000000  163.000000   47.000000    0.000000  142.000000   92.000000  186.000000   53.000000    5.000000   26.000000    0.000000   29.000000    0.000000
50%    128.000000   33.000000   76.000000   72.000000  241.000000   45.000000   48.000000   68.000000  149.000000    6.000000   14.000000   62.000000   43.000000  128.000000  175.000000   52.000000    0.000000  154.000000  100.000000  196.000000   62.000000   10.000000   32.000000    0.000000   35.000000    0.000000
75%    136.000000   39.000000   82.000000   78.000000  250.000000   50.000000   52.000000   75.000000  159.000000    9.000000   17.000000   67.000000   50.000000  139.000000  183.000000   59.000000    1.000000  163.000000  108.000000  205.000000   69.000000   16.000000   36.000000    2.000000   41.000000    0.000000
max    172.000000   54.000000  101.000000   97.000000  270.000000   62.000000   68.000000   88.000000  185.000000   17.000000   27.000000   79.000000   62.000000  164.000000  200.000000   71.000000    3.000000  190.000000  129.000000  232.000000   94.000000   24.000000   55.000000    6.000000   55.000000    1.000000
mae     27.100000   14.690000   12.650000    9.430000   13.860000   16.820000    9.700000    8.150000   15.680000    5.430000    4.690000   24.280000    9.630000   18.060000   18.020000   11.890000    0.930000   13.000000   11.170000   15.720000   18.890000    5.610000    7.770000         NaN    7.340000         NaN
mre      0.175974    0.312553    0.148824    0.134714    0.056113    0.600714    0.173214    0.121642    0.112806    0.543000    0.335000    0.656216    0.192600    0.161250    0.114777    0.283095    0.930000    0.080745    0.105377    0.076311    0.439302    0.623333    0.250645         NaN    0.229375         NaN
mad     10.121557    7.340653    9.022253    9.331242   12.735222    6.585825    6.575630    8.051368   12.451132    3.661602    4.691893    7.211646    7.255955   10.817763   11.269483    7.469464    0.686991   11.879031   10.215861   12.684835    9.434369    5.545731    7.802176    1.430252    6.884815    0.094108


                    
                    average accuracy rating:


                    0.0 %



                    